* For HC
Use M-x org-table-export to get CSV.

** Tonto East
| dist | BA91 | BB92 | BB93 | BC91 | BC92 |  BD9 |   x1 |  BE9 |  BF5 |   x2 |  BG9 |  BH9 | BJ91 | BJ92 |   x3 |  CBG |   x4 |  CIG |
|------+------+------+------+------+------+------+------+------+------+------+------+------+------+------+------+------+------+------|
| BA91 |  0.0 |  9.1 | 16.9 | 12.1 | 19.1 | 21.1 | 27.6 | 27.6 | 29.5 | 32.5 | 32.0 | 37.5 | 46.2 | 49.7 | 56.2 | 54.4 | 61.1 | 56.3 |
| BB92 |  9.1 |  0.0 |  7.8 |  3.0 | 10.0 | 12.0 | 18.5 | 18.5 | 20.4 | 23.4 | 22.9 | 28.4 | 37.1 | 40.6 | 47.1 | 45.3 | 52.0 | 47.2 |
| BB93 | 16.9 |  7.8 |  0.0 | 10.8 | 17.8 | 19.8 | 26.3 | 26.3 | 28.2 | 31.2 | 30.7 | 36.2 | 44.9 | 48.4 | 51.9 | 53.1 | 59.8 | 55.0 |
| BC91 | 12.1 |  3.0 | 10.8 |  0.0 |  7.0 |  9.0 | 15.5 | 15.5 | 17.4 | 20.4 | 19.9 | 25.4 | 34.1 | 37.6 | 44.1 | 42.3 | 49.0 | 44.2 |
| BC92 | 19.1 | 10.0 | 17.8 |  7.0 |  0.0 |  2.0 |  8.5 |  8.5 | 10.4 | 13.4 | 12.9 | 18.4 | 27.1 | 30.6 | 37.1 | 35.3 | 42.0 | 37.2 |
| BD9  | 21.1 | 12.0 | 19.8 |  9.0 |  2.0 |  0.0 |  6.5 |  6.5 |  8.4 | 11.4 | 10.9 | 16.4 | 25.1 | 28.6 | 35.1 | 33.3 | 40.0 | 35.2 |
| x1   | 27.6 | 18.5 | 26.3 | 15.5 |  8.5 |  6.5 |  0.0 | 13.0 | 14.9 | 17.9 | 17.4 | 22.6 | 31.6 | 35.1 | 41.6 | 39.8 | 46.5 | 41.7 |
| BE9  | 27.6 | 18.5 | 26.3 | 15.5 |  8.5 |  6.5 | 13.0 |  0.0 |  1.9 |  4.9 |  4.4 |  9.9 | 18.6 | 22.1 | 28.6 | 26.8 | 33.5 | 28.7 |
| BF5  | 29.5 | 20.4 | 28.2 | 17.4 | 10.4 |  8.4 | 14.9 |  1.9 |  0.0 |  3.0 |  1.5 |  7.0 | 15.7 | 19.2 | 25.7 | 23.9 | 30.6 | 25.8 |
| x2   | 32.5 | 23.4 | 31.2 | 20.4 | 13.4 | 11.4 | 17.9 |  4.9 |  3.0 |  0.0 |  4.5 | 10.0 | 18.7 | 22.2 | 28.7 | 26.9 | 33.6 | 28.8 |
| BG9  | 32.0 | 22.9 | 30.7 | 19.9 | 12.9 | 10.9 | 17.4 |  4.4 |  1.5 |  4.5 |  0.0 |  5.5 | 14.2 | 17.7 | 24.2 | 22.4 | 29.1 | 24.3 |
| BH9  | 37.5 | 28.4 | 36.2 | 25.4 | 18.4 | 16.4 | 22.6 |  9.9 |  7.0 | 10.0 |  5.5 |  0.0 |  8.7 | 12.2 | 18.7 | 16.9 | 23.6 | 18.8 |
| BJ91 | 46.2 | 37.1 | 44.9 | 34.1 | 27.1 | 25.1 | 31.6 | 18.6 | 15.7 | 18.7 | 14.2 |  8.7 |  0.0 |  3.5 | 10.0 |  8.2 | 14.9 | 10.1 |
| BJ92 | 49.7 | 40.6 | 48.4 | 37.6 | 30.6 | 28.6 | 35.1 | 22.1 | 19.2 | 22.2 | 17.7 | 12.2 |  3.5 |  0.0 |  6.5 |  4.7 | 11.4 |  6.6 |
| x3   | 56.2 | 47.1 | 51.9 | 44.1 | 37.1 | 35.1 | 41.6 | 28.6 | 25.7 | 28.7 | 24.2 | 18.7 | 10.0 |  6.5 |  0.0 |  7.0 | 13.6 |  8.8 |
| CBG  | 54.4 | 45.3 | 53.1 | 42.3 | 35.3 | 33.3 | 39.8 | 26.8 | 23.9 | 26.9 | 22.4 | 16.9 |  8.2 |  4.7 |  7.0 |  0.0 |  9.5 |  4.7 |
| x4   | 61.1 | 52.0 | 59.8 | 49.0 | 42.0 | 40.0 | 46.5 | 33.5 | 30.6 | 33.6 | 29.1 | 23.6 | 14.9 | 11.4 | 13.6 |  9.5 |  0.0 |  4.8 |
| CIG  | 56.3 | 47.2 | 55.0 | 44.2 | 37.2 | 35.2 | 41.7 | 28.7 | 25.8 | 28.8 | 24.3 | 18.8 | 10.1 |  6.6 |  8.8 |  4.7 |  4.8 |  0.0 |

| ID   | NAME             |
|------+------------------|
| BA91 | Little_Colorado  |
| BB92 | Tanner_Beach     |
| BB93 | Tanner_TH        |
| BC91 | Cardenas_Creek   |
| BC92 | Nevills_Rapids   |
| BD9  | Hance_Rapids     |
| x1   | New_Hance_TH     |
| BE9  | Hance_Creek      |
| BF5  | Horseshoe_Mesa   |
| x2   | Grandview_TH     |
| BG9  | Cottonwood_Creek |
| BH9  | Grapevine_Creek  |
| BJ91 | Lonetree_Canyon  |
| BJ92 | Cremation_Creek  |
| x3   | South_Kaibab_TH  |
| CBG  | Bright_Angel_CG  |
| x4   | Bright_Angel_TH  |
| CIG  | Indian_Garden_CG |



** Tonto West
| dist |   x1 |  CIG |  BL4 |  BL5 |  BL6 |  BL7 |  BL8 |  BM7 |  BM8 |   x2 |   x3 |  BN9 | BO91 | BO92 | BP91 | BP92 |  BQ9 |   x4 |
|------+------+------+------+------+------+------+------+------+------+------+------+------+------+------+------+------+------+------|
| x1   |  0.0 |  4.8 |  7.3 | 12.1 | 14.0 | 15.5 | 17.1 | 19.1 | 20.6 | 25.3 | 33.2 | 24.2 | 29.9 | 39.2 | 45.0 | 49.8 | 53.6 | 58.6 |
| CIG  |  4.8 |  0.0 |  2.5 |  7.3 |  9.4 | 10.7 | 12.3 | 14.5 | 16.0 | 20.7 | 28.6 | 19.6 | 25.3 | 34.6 | 40.4 | 45.2 | 49.0 | 54.0 |
| BL4  |  7.3 |  2.5 |  0.0 |  4.8 |  6.9 |  8.2 |  9.8 | 12.0 | 13.5 | 18.2 | 26.1 | 17.1 | 22.8 | 32.1 | 37.9 | 42.7 | 46.5 | 51.5 |
| BL5  | 12.1 |  7.3 |  4.8 |  0.0 |  2.1 |  3.4 |  5.0 |  7.2 |  8.7 | 13.4 | 21.3 | 12.3 | 18.0 | 27.3 | 33.1 | 37.9 | 41.7 | 46.7 |
| BL6  | 14.0 |  9.4 |  6.9 |  2.1 |  0.0 |  1.3 |  2.9 |  5.1 |  6.6 | 11.3 | 19.2 | 10.2 | 15.9 | 25.2 | 31.0 | 35.8 | 39.6 | 44.6 |
| BL7  | 15.5 | 10.7 |  8.2 |  3.4 |  1.3 |  0.0 |  1.6 |  3.5 |  4.6 |  9.3 | 17.9 |  8.9 | 14.6 | 23.9 | 29.7 | 34.5 | 38.3 | 43.3 |
| BL8  | 17.1 | 12.3 |  9.8 |  5.0 |  2.9 |  1.6 |  0.0 |  4.6 |  5.7 | 10.3 | 19.2 | 10.2 | 15.9 | 25.2 | 31.0 | 35.8 | 39.6 | 44.6 |
| BM7  | 19.1 | 14.5 | 12.0 |  7.2 |  5.1 |  3.5 |  4.6 |  0.0 |  1.5 |  8.2 | 14.1 |  5.1 | 10.8 | 20.1 | 25.9 | 30.7 | 34.5 | 39.5 |
| BM8  | 20.6 | 16.0 | 13.5 |  8.7 |  6.6 |  4.6 |  5.7 |  1.5 |  0.0 |  9.7 | 15.6 |  6.6 | 12.3 | 21.5 | 27.4 | 32.2 | 36.0 | 41.0 |
| x2   | 25.3 | 20.7 | 18.2 | 13.4 | 11.3 |  9.3 | 10.3 |  8.2 |  9.7 |  0.0 | 21.9 | 12.9 | 18.6 | 27.9 | 33.7 | 38.5 | 42.3 | 47.3 |
| x3   | 33.2 | 28.6 | 26.1 | 21.3 | 19.2 | 17.9 | 19.2 | 14.1 | 15.6 | 21.9 |  0.0 |  9.3 | 15.0 | 24.3 | 30.1 | 34.9 | 38.7 | 43.7 |
| BN9  | 24.2 | 19.6 | 17.1 | 12.3 | 10.2 |  8.9 | 10.2 |  5.1 |  6.6 | 12.9 |  9.3 |  0.0 |  5.7 | 15.0 | 20.8 | 25.6 | 29.4 | 34.4 |
| BO91 | 29.9 | 25.3 | 22.8 | 18.0 | 15.9 | 14.6 | 15.9 | 10.8 | 12.3 | 18.6 | 15.0 |  5.7 |  0.0 |  9.3 | 15.1 | 19.9 | 23.7 | 28.7 |
| BO92 | 39.2 | 34.6 | 32.1 | 27.3 | 25.2 | 23.9 | 25.2 | 20.1 | 21.5 | 27.9 | 24.3 | 15.0 |  9.3 |  0.0 |  5.8 | 10.6 | 14.4 | 19.4 |
| BP91 | 45.0 | 40.4 | 37.9 | 33.1 | 31.0 | 29.7 | 31.0 | 25.9 | 27.4 | 33.7 | 30.1 | 20.8 | 15.1 |  5.8 |  0.0 |  4.8 |  8.6 | 13.6 |
| BP92 | 49.8 | 45.2 | 42.7 | 37.9 | 35.8 | 34.5 | 35.8 | 30.7 | 32.2 | 38.5 | 34.9 | 25.6 | 19.9 | 10.6 |  4.8 |  0.0 |  3.8 |  8.8 |
| BQ9  | 53.6 | 49.0 | 46.5 | 41.7 | 39.6 | 38.3 | 39.6 | 34.5 | 36.0 | 42.3 | 38.7 | 29.4 | 23.7 | 14.4 |  8.6 |  3.8 |  0.0 |  5.0 |
| x4   | 58.6 | 54.0 | 51.5 | 46.7 | 44.6 | 43.3 | 44.6 | 39.5 | 41.0 | 47.3 | 43.7 | 34.4 | 28.7 | 19.4 | 13.6 |  8.8 |  5.0 |  0.0 |



| ID   | NAME                          |
|------+-------------------------------|
| x1   | Bright_Angel_TH               |
| CIG  | Indian_Garden                 |
| BL4  | Horn_Creek                    |
| BL5  | Salt_Creek                    |
| BL6  | Cedar_Spring                  |
| BL7  | Monument_Creek                |
| BL8  | Granite_Rapids                |
| BM7  | Hermit_Creek                  |
| BM8  | Hermit_Rapids                 |
| x2   | Hermit_Rest_via_Hermit_Trail  |
| x3   | Hermit_Rest_via_Boucher_Trail |
| BN9  | Boucher_Upper_Creek_Crossing  |
| BO91 | Slate_Creek                   |
| BO92 | Turquoise_Creek               |
| BP91 | Ruby_Creek                    |
| BP92 | Serpentine_Canyon             |
| BQ9  | Bass_Upper_Creek_Crossing     |
| x4   | South_Bass_TH                 |



* Original
From:
http://www.nps.gov/grca/planyourvisit/upload/Tonto_Distances.pdf
cut/pasted here, minor cleanup

| Area | Tonto East       |  BA9 |  BB9 |  BB9 |  BC9 |  BC9 |  BD9 |  BD9 |  BE9 |  BF5 |    x |  BG9 |  BH9 |  BJ9 |  BJ9 |    x |  CBG |    x |  CIG |
|------+------------------+------+------+------+------+------+------+------+------+------+------+------+------+------+------+------+------+------+------|
| BA9  | Little_Colorado  |  0.0 |  9.1 | 16.9 | 12.1 | 19.1 | 21.1 | 27.6 | 27.6 | 29.5 | 32.5 | 32.0 | 37.5 | 46.2 | 49.7 | 56.2 | 54.4 | 61.1 | 56.3 |
| BB9  | Tanner_Beach     |  9.1 |  0.0 |  7.8 |  3.0 | 10.0 | 12.0 | 18.5 | 18.5 | 20.4 | 23.4 | 22.9 | 28.4 | 37.1 | 40.6 | 47.1 | 45.3 | 52.0 | 47.2 |
| BB9  | Tanner_TH        | 16.9 |  7.8 |  0.0 | 10.8 | 17.8 | 19.8 | 26.3 | 26.3 | 28.2 | 31.2 | 30.7 | 36.2 | 44.9 | 48.4 | 51.9 | 53.1 | 59.8 | 55.0 |
| BC9  | Cardenas_Creek   | 12.1 |  3.0 | 10.8 |  0.0 |  7.0 |  9.0 | 15.5 | 15.5 | 17.4 | 20.4 | 19.9 | 25.4 | 34.1 | 37.6 | 44.1 | 42.3 | 49.0 | 44.2 |
| BC9  | Nevills_Rapids   | 19.1 | 10.0 | 17.8 |  7.0 |  0.0 |  2.0 |  8.5 |  8.5 | 10.4 | 13.4 | 12.9 | 18.4 | 27.1 | 30.6 | 37.1 | 35.3 | 42.0 | 37.2 |
| BD9  | Hance_Rapids     | 21.1 | 12.0 | 19.8 |  9.0 |  2.0 |  0.0 |  6.5 |  6.5 |  8.4 | 11.4 | 10.9 | 16.4 | 25.1 | 28.6 | 35.1 | 33.3 | 40.0 | 35.2 |
| x    | New_Hance_TH     | 27.6 | 18.5 | 26.3 | 15.5 |  8.5 |  6.5 |  0.0 | 13.0 | 14.9 | 17.9 | 17.4 | 22.6 | 31.6 | 35.1 | 41.6 | 39.8 | 46.5 | 41.7 |
| BE9  | Hance_Creek      | 27.6 | 18.5 | 26.3 | 15.5 |  8.5 |  6.5 | 13.0 |  0.0 |  1.9 |  4.9 |  4.4 |  9.9 | 18.6 | 22.1 | 28.6 | 26.8 | 33.5 | 28.7 |
| BF5  | Horseshoe_Mesa   | 29.5 | 20.4 | 28.2 | 17.4 | 10.4 |  8.4 | 14.9 |  1.9 |  0.0 |  3.0 |  1.5 |  7.0 | 15.7 | 19.2 | 25.7 | 23.9 | 30.6 | 25.8 |
| x    | Grandview_TH     | 32.5 | 23.4 | 31.2 | 20.4 | 13.4 | 11.4 | 17.9 |  4.9 |  3.0 |  0.0 |  4.5 | 10.0 | 18.7 | 22.2 | 28.7 | 26.9 | 33.6 | 28.8 |
| BG9  | Cottonwood_Creek | 32.0 | 22.9 | 30.7 | 19.9 | 12.9 | 10.9 | 17.4 |  4.4 |  1.5 |  4.5 |  0.0 |  5.5 | 14.2 | 17.7 | 24.2 | 22.4 | 29.1 | 24.3 |
| BH9  | Grapevine_Creek  | 37.5 | 28.4 | 36.2 | 25.4 | 18.4 | 16.4 | 22.6 |  9.9 |  7.0 | 10.0 |  5.5 |  0.0 |  8.7 | 12.2 | 18.7 | 16.9 | 23.6 | 18.8 |
| BJ9  | Lonetree_Canyon  | 46.2 | 37.1 | 44.9 | 34.1 | 27.1 | 25.1 | 31.6 | 18.6 | 15.7 | 18.7 | 14.2 |  8.7 |  0.0 |  3.5 | 10.0 |  8.2 | 14.9 | 10.1 |
| BJ9  | Cremation_Creek  | 49.7 | 40.6 | 48.4 | 37.6 | 30.6 | 28.6 | 35.1 | 22.1 | 19.2 | 22.2 | 17.7 | 12.2 |  3.5 |  0.0 |  6.5 |  4.7 | 11.4 |  6.6 |
| x    | South_Kaibab_TH  | 56.2 | 47.1 | 51.9 | 44.1 | 37.1 | 35.1 | 41.6 | 28.6 | 25.7 | 28.7 | 24.2 | 18.7 | 10.0 |  6.5 |  0.0 |  7.0 | 13.6 |  8.8 |
| CBG  | Bright_Angel_CG  | 54.4 | 45.3 | 53.1 | 42.3 | 35.3 | 33.3 | 39.8 | 26.8 | 23.9 | 26.9 | 22.4 | 16.9 |  8.2 |  4.7 |  7.0 |  0.0 |  9.5 |  4.7 |
| x    | Bright_Angel_TH  | 61.1 | 52.0 | 59.8 | 49.0 | 42.0 | 40.0 | 46.5 | 33.5 | 30.6 | 33.6 | 29.1 | 23.6 | 14.9 | 11.4 | 13.6 |  9.5 |  0.0 |  4.8 |
| CIG  | Indian_Garden_CG | 56.3 | 47.2 | 55.0 | 44.2 | 37.2 | 35.2 | 41.7 | 28.7 | 25.8 | 28.8 | 24.3 | 18.8 | 10.1 |  6.6 |  8.8 |  4.7 |  4.8 |  0.0 |


| Area | Tonto West                    |      |  CIG |  BL4 |  BL5 |  BL6 |  BL7 |  BL8 |  BM7 |  BM8 |    x |    x |  BN9 |  BO9 |  BO9 |  BP9 |  BP9 |  BQ9 |    x |
|------+-------------------------------+------+------+------+------+------+------+------+------+------+------+------+------+------+------+------+------+------+------|
| x    | Bright_Angel_TH               |  0.0 |  4.8 |  7.3 | 12.1 | 14.0 | 15.5 | 17.1 | 19.1 | 20.6 | 25.3 | 33.2 | 24.2 | 29.9 | 39.2 | 45.0 | 49.8 | 53.6 | 58.6 |
| CIG  | Indian_Garden                 |  4.8 |  0.0 |  2.5 |  7.3 |  9.4 | 10.7 | 12.3 | 14.5 | 16.0 | 20.7 | 28.6 | 19.6 | 25.3 | 34.6 | 40.4 | 45.2 | 49.0 | 54.0 |
| BL4  | Horn_Creek                    |  7.3 |  2.5 |  0.0 |  4.8 |  6.9 |  8.2 |  9.8 | 12.0 | 13.5 | 18.2 | 26.1 | 17.1 | 22.8 | 32.1 | 37.9 | 42.7 | 46.5 | 51.5 |
| BL5  | Salt_Creek                    | 12.1 |  7.3 |  4.8 |  0.0 |  2.1 |  3.4 |  5.0 |  7.2 |  8.7 | 13.4 | 21.3 | 12.3 | 18.0 | 27.3 | 33.1 | 37.9 | 41.7 | 46.7 |
| BL6  | Cedar_Spring                  | 14.0 |  9.4 |  6.9 |  2.1 |  0.0 |  1.3 |  2.9 |  5.1 |  6.6 | 11.3 | 19.2 | 10.2 | 15.9 | 25.2 | 31.0 | 35.8 | 39.6 | 44.6 |
| BL7  | Monument_Creek                | 15.5 | 10.7 |  8.2 |  3.4 |  1.3 |  0.0 |  1.6 |  3.5 |  4.6 |  9.3 | 17.9 |  8.9 | 14.6 | 23.9 | 29.7 | 34.5 | 38.3 | 43.3 |
| BL8  | Granite_Rapids                | 17.1 | 12.3 |  9.8 |  5.0 |  2.9 |  1.6 |  0.0 |  4.6 |  5.7 | 10.3 | 19.2 | 10.2 | 15.9 | 25.2 | 31.0 | 35.8 | 39.6 | 44.6 |
| BM7  | Hermit_Creek                  | 19.1 | 14.5 | 12.0 |  7.2 |  5.1 |  3.5 |  4.6 |  0.0 |  1.5 |  8.2 | 14.1 |  5.1 | 10.8 | 20.1 | 25.9 | 30.7 | 34.5 | 39.5 |
| BM8  | Hermit_Rapids                 | 20.6 | 16.0 | 13.5 |  8.7 |  6.6 |  4.6 |  5.7 |  1.5 |  0.0 |  9.7 | 15.6 |  6.6 | 12.3 | 21.5 | 27.4 | 32.2 | 36.0 | 41.0 |
| x    | Hermit_Rest_via_Hermit_Trail  | 25.3 | 20.7 | 18.2 | 13.4 | 11.3 |  9.3 | 10.3 |  8.2 |  9.7 |  0.0 | 21.9 | 12.9 | 18.6 | 27.9 | 33.7 | 38.5 | 42.3 | 47.3 |
| x    | Hermit_Rest_via_Boucher_Trail | 33.2 | 28.6 | 26.1 | 21.3 | 19.2 | 17.9 | 19.2 | 14.1 | 15.6 | 21.9 |  0.0 |  9.3 | 15.0 | 24.3 | 30.1 | 34.9 | 38.7 | 43.7 |
| BN9  | Boucher_Upper_Creek_Crossing  | 24.2 | 19.6 | 17.1 | 12.3 | 10.2 |  8.9 | 10.2 |  5.1 |  6.6 | 12.9 |  9.3 |  0.0 |  5.7 | 15.0 | 20.8 | 25.6 | 29.4 | 34.4 |
| BO9  | Slate_Creek                   | 29.9 | 25.3 | 22.8 | 18.0 | 15.9 | 14.6 | 15.9 | 10.8 | 12.3 | 18.6 | 15.0 |  5.7 |  0.0 |  9.3 | 15.1 | 19.9 | 23.7 | 28.7 |
| BO9  | Turquoise_Creek               | 39.2 | 34.6 | 32.1 | 27.3 | 25.2 | 23.9 | 25.2 | 20.1 | 21.5 | 27.9 | 24.3 | 15.0 |  9.3 |  0.0 |  5.8 | 10.6 | 14.4 | 19.4 |
| BP9  | Ruby_Creek                    | 45.0 | 40.4 | 37.9 | 33.1 | 31.0 | 29.7 | 31.0 | 25.9 | 27.4 | 33.7 | 30.1 | 20.8 | 15.1 |  5.8 |  0.0 |  4.8 |  8.6 | 13.6 |
| BP9  | Serpentine_Canyon             | 49.8 | 45.2 | 42.7 | 37.9 | 35.8 | 34.5 | 35.8 | 30.7 | 32.2 | 38.5 | 34.9 | 25.6 | 19.9 | 10.6 |  4.8 |  0.0 |  3.8 |  8.8 |
| BQ9  | Bass_Upper_Creek_Crossing     | 53.6 | 49.0 | 46.5 | 41.7 | 39.6 | 38.3 | 39.6 | 34.5 | 36.0 | 42.3 | 38.7 | 29.4 | 23.7 | 14.4 |  8.6 |  3.8 |  0.0 |  5.0 |
| x    | South_Bass_TH                 | 58.6 | 54.0 | 51.5 | 46.7 | 44.6 | 43.3 | 44.6 | 39.5 | 41.0 | 47.3 | 43.7 | 34.4 | 28.7 | 19.4 | 13.6 |  8.8 |  5.0 |  0.0 |

